(kicad_pcb (version 20171130) (host pcbnew 5.1.6-c6e7f7d~87~ubuntu18.04.1)

  (general
    (thickness 1.6)
    (drawings 24)
    (tracks 208)
    (zones 0)
    (modules 30)
    (nets 33)
  )

  (page A4)
  (title_block
    (date 2020-08-30)
    (rev 2020/08)
  )

  (layers
    (0 F.Cu signal)
    (31 B.Cu signal)
    (32 B.Adhes user)
    (33 F.Adhes user)
    (34 B.Paste user)
    (35 F.Paste user)
    (36 B.SilkS user)
    (37 F.SilkS user)
    (38 B.Mask user)
    (39 F.Mask user)
    (40 Dwgs.User user)
    (41 Cmts.User user)
    (42 Eco1.User user)
    (43 Eco2.User user)
    (44 Edge.Cuts user)
    (45 Margin user)
    (46 B.CrtYd user)
    (47 F.CrtYd user)
    (48 B.Fab user)
    (49 F.Fab user)
  )

  (setup
    (last_trace_width 0.3)
    (trace_clearance 0.2)
    (zone_clearance 0.508)
    (zone_45_only no)
    (trace_min 0.2)
    (via_size 0.8)
    (via_drill 0.4)
    (via_min_size 0.4)
    (via_min_drill 0.3)
    (uvia_size 0.3)
    (uvia_drill 0.1)
    (uvias_allowed no)
    (uvia_min_size 0.2)
    (uvia_min_drill 0.1)
    (edge_width 0.05)
    (segment_width 0.2)
    (pcb_text_width 0.3)
    (pcb_text_size 1.5 1.5)
    (mod_edge_width 0.12)
    (mod_text_size 1 1)
    (mod_text_width 0.15)
    (pad_size 1.2 1.4)
    (pad_drill 0)
    (pad_to_mask_clearance 0.051)
    (solder_mask_min_width 0.25)
    (aux_axis_origin 0 0)
    (visible_elements FFFFFF7F)
    (pcbplotparams
      (layerselection 0x010f0_ffffffff)
      (usegerberextensions true)
      (usegerberattributes false)
      (usegerberadvancedattributes false)
      (creategerberjobfile false)
      (excludeedgelayer false)
      (linewidth 0.100000)
      (plotframeref false)
      (viasonmask true)
      (mode 1)
      (useauxorigin false)
      (hpglpennumber 1)
      (hpglpenspeed 20)
      (hpglpendiameter 15.000000)
      (psnegative false)
      (psa4output false)
      (plotreference true)
      (plotvalue true)
      (plotinvisibletext false)
      (padsonsilk true)
      (subtractmaskfromsilk false)
      (outputformat 1)
      (mirror false)
      (drillshape 0)
      (scaleselection 1)
      (outputdirectory "gerber/"))
  )

  (net 0 "")
  (net 1 GNDD)
  (net 2 VDD)
  (net 3 +5VD)
  (net 4 +5V)
  (net 5 GND)
  (net 6 "Net-(C5-Pad1)")
  (net 7 /Data')
  (net 8 /Clock')
  (net 9 /PSLoad')
  (net 10 /Reset')
  (net 11 "Net-(R1-Pad2)")
  (net 12 "Net-(R2-Pad2)")
  (net 13 "Net-(R3-Pad2)")
  (net 14 "Net-(R5-Pad2)")
  (net 15 /Clock)
  (net 16 "Net-(R6-Pad1)")
  (net 17 "Net-(R7-Pad1)")
  (net 18 /PSLoad)
  (net 19 "Net-(R8-Pad1)")
  (net 20 /Reset)
  (net 21 /Data)
  (net 22 "Net-(R9-Pad1)")
  (net 23 "Net-(U2-Pad3)")
  (net 24 "Net-(U2-Pad5)")
  (net 25 "Net-(U2-Pad7)")
  (net 26 "Net-(U2-Pad10)")
  (net 27 "Net-(U2-Pad12)")
  (net 28 "Net-(U2-Pad15)")
  (net 29 /Input)
  (net 30 "Net-(J4-Pad1)")
  (net 31 "Net-(Input_S88-Pad8)")
  (net 32 "Net-(Zentrale_S88-Pad8)")

  (net_class Default "This is the default net class."
    (clearance 0.2)
    (trace_width 0.3)
    (via_dia 0.8)
    (via_drill 0.4)
    (uvia_dia 0.3)
    (uvia_drill 0.1)
    (add_net /Clock)
    (add_net /Clock')
    (add_net /Data)
    (add_net /Data')
    (add_net /PSLoad)
    (add_net /PSLoad')
    (add_net /Reset)
    (add_net /Reset')
    (add_net GND)
    (add_net GNDD)
    (add_net "Net-(C5-Pad1)")
    (add_net "Net-(Input_S88-Pad8)")
    (add_net "Net-(J4-Pad1)")
    (add_net "Net-(R1-Pad2)")
    (add_net "Net-(R2-Pad2)")
    (add_net "Net-(R3-Pad2)")
    (add_net "Net-(R5-Pad2)")
    (add_net "Net-(R6-Pad1)")
    (add_net "Net-(R7-Pad1)")
    (add_net "Net-(R8-Pad1)")
    (add_net "Net-(R9-Pad1)")
    (add_net "Net-(U2-Pad10)")
    (add_net "Net-(U2-Pad12)")
    (add_net "Net-(U2-Pad15)")
    (add_net "Net-(U2-Pad3)")
    (add_net "Net-(U2-Pad5)")
    (add_net "Net-(U2-Pad7)")
    (add_net "Net-(Zentrale_S88-Pad8)")
  )

  (net_class Power ""
    (clearance 0.2)
    (trace_width 0.5)
    (via_dia 1)
    (via_drill 0.5)
    (uvia_dia 0.3)
    (uvia_drill 0.1)
    (add_net +5V)
    (add_net +5VD)
    (add_net VDD)
  )

  (net_class Power2 ""
    (clearance 0.2)
    (trace_width 1)
    (via_dia 0.8)
    (via_drill 0.4)
    (uvia_dia 0.3)
    (uvia_drill 0.1)
    (add_net /Input)
  )

  (module Connector_PinHeader_2.54mm:PinHeader_1x03_P2.54mm_Vertical (layer F.Cu) (tedit 59FED5CC) (tstamp 5F4BE4A5)
    (at 145 100.5 270)
    (descr "Through hole straight pin header, 1x03, 2.54mm pitch, single row")
    (tags "Through hole pin header THT 1x03 2.54mm single row")
    (path /5F4DED96)
    (fp_text reference J3 (at 0 -2.77 180) (layer F.SilkS)
      (effects (font (size 1 1) (thickness 0.15)))
    )
    (fp_text value "12V 5V" (at 0 7.85 90) (layer F.Fab)
      (effects (font (size 1 1) (thickness 0.15)))
    )
    (fp_line (start -0.635 -1.27) (end 1.27 -1.27) (layer F.Fab) (width 0.1))
    (fp_line (start 1.27 -1.27) (end 1.27 6.35) (layer F.Fab) (width 0.1))
    (fp_line (start 1.27 6.35) (end -1.27 6.35) (layer F.Fab) (width 0.1))
    (fp_line (start -1.27 6.35) (end -1.27 -0.635) (layer F.Fab) (width 0.1))
    (fp_line (start -1.27 -0.635) (end -0.635 -1.27) (layer F.Fab) (width 0.1))
    (fp_line (start -1.33 6.41) (end 1.33 6.41) (layer F.SilkS) (width 0.12))
    (fp_line (start -1.33 1.27) (end -1.33 6.41) (layer F.SilkS) (width 0.12))
    (fp_line (start 1.33 1.27) (end 1.33 6.41) (layer F.SilkS) (width 0.12))
    (fp_line (start -1.33 1.27) (end 1.33 1.27) (layer F.SilkS) (width 0.12))
    (fp_line (start -1.33 0) (end -1.33 -1.33) (layer F.SilkS) (width 0.12))
    (fp_line (start -1.33 -1.33) (end 0 -1.33) (layer F.SilkS) (width 0.12))
    (fp_line (start -1.8 -1.8) (end -1.8 6.85) (layer F.CrtYd) (width 0.05))
    (fp_line (start -1.8 6.85) (end 1.8 6.85) (layer F.CrtYd) (width 0.05))
    (fp_line (start 1.8 6.85) (end 1.8 -1.8) (layer F.CrtYd) (width 0.05))
    (fp_line (start 1.8 -1.8) (end -1.8 -1.8) (layer F.CrtYd) (width 0.05))
    (fp_text user %R (at 0 2.54) (layer F.Fab)
      (effects (font (size 1 1) (thickness 0.15)))
    )
    (pad 3 thru_hole oval (at 0 5.08 270) (size 1.7 1.7) (drill 1) (layers *.Cu *.Mask)
      (net 3 +5VD))
    (pad 2 thru_hole oval (at 0 2.54 270) (size 1.7 1.7) (drill 1) (layers *.Cu *.Mask)
      (net 2 VDD))
    (pad 1 thru_hole rect (at 0 0 270) (size 1.7 1.7) (drill 1) (layers *.Cu *.Mask)
      (net 29 /Input))
    (model ${KISYS3DMOD}/Connector_PinHeader_2.54mm.3dshapes/PinHeader_1x03_P2.54mm_Vertical.wrl
      (at (xyz 0 0 0))
      (scale (xyz 1 1 1))
      (rotate (xyz 0 0 0))
    )
  )

  (module w_conn_pc:megb8-8-Uni (layer F.Cu) (tedit 5B645585) (tstamp 5F4BE81D)
    (at 105.929 113.149 270)
    (descr "RJ45 + led indicators, Wiznet P/N RB1-125BAG1A")
    (path /5DEC0ABC)
    (fp_text reference Zentrale_S88 (at 11.851 -8.625 180) (layer F.SilkS)
      (effects (font (size 1.524 1.524) (thickness 0.3048)))
    )
    (fp_text value RJ45 (at 0.135 -2.275 90) (layer F.SilkS)
      (effects (font (size 1.524 1.524) (thickness 0.3048)))
    )
    (fp_line (start -6.096 3.329) (end 6.096 3.329) (layer F.SilkS) (width 0.381))
    (fp_line (start -8.255 -10.895) (end 8.255 -10.895) (layer F.SilkS) (width 0.381))
    (fp_line (start 8.382 3.302) (end 6.096 3.302) (layer F.SilkS) (width 0.381))
    (fp_line (start 8.382 -10.922) (end 8.382 3.302) (layer F.SilkS) (width 0.381))
    (fp_line (start -8.382 3.302) (end -6.096 3.302) (layer F.SilkS) (width 0.381))
    (fp_line (start -8.382 -10.922) (end -8.382 3.302) (layer F.SilkS) (width 0.381))
    (pad "" np_thru_hole circle (at 5.715 0 270) (size 3.25 3.25) (drill 3.25) (layers *.Cu))
    (pad "" np_thru_hole circle (at -5.715 0 270) (size 3.25 3.25) (drill 3.25) (layers *.Cu))
    (pad 9 thru_hole circle (at 7.75 -3.05 270) (size 2.5 2.5) (drill 1.6) (layers *.Cu *.Mask))
    (pad 9 thru_hole circle (at -7.75 -3.05 270) (size 2.5 2.5) (drill 1.6) (layers *.Cu *.Mask))
    (pad 8 thru_hole circle (at 4.445 -8.88 270) (size 1.4 1.4) (drill 0.9) (layers *.Cu *.Mask)
      (net 32 "Net-(Zentrale_S88-Pad8)"))
    (pad 7 thru_hole circle (at 3.175 -6.34 270) (size 1.4 1.4) (drill 0.9) (layers *.Cu *.Mask)
      (net 20 /Reset))
    (pad 6 thru_hole circle (at 1.905 -8.88 270) (size 1.4 1.4) (drill 0.9) (layers *.Cu *.Mask)
      (net 18 /PSLoad))
    (pad 5 thru_hole circle (at 0.635 -6.34 270) (size 1.4 1.4) (drill 0.9) (layers *.Cu *.Mask)
      (net 5 GND))
    (pad 4 thru_hole circle (at -0.635 -8.88 270) (size 1.4 1.4) (drill 0.9) (layers *.Cu *.Mask)
      (net 15 /Clock))
    (pad 2 thru_hole circle (at -3.175 -8.88 270) (size 1.4 1.4) (drill 0.9) (layers *.Cu *.Mask)
      (net 21 /Data))
    (pad 1 thru_hole circle (at -4.445 -6.34 270) (size 1.4 1.4) (drill 0.9) (layers *.Cu *.Mask)
      (net 4 +5V))
    (pad 3 thru_hole circle (at -1.905 -6.34 270) (size 1.4 1.4) (drill 0.9) (layers *.Cu *.Mask)
      (net 5 GND))
    (pad 9 thru_hole circle (at 7.75 3.05 270) (size 2.5 2.5) (drill 1.6) (layers *.Cu *.Mask))
    (pad 9 thru_hole circle (at -7.75 3.05 270) (size 2.5 2.5) (drill 1.6) (layers *.Cu *.Mask))
    (model walter/conn_pc/rj45-led-rb1-125bag1a.wrl
      (at (xyz 0 0 0))
      (scale (xyz 1 1 1))
      (rotate (xyz 0 0 0))
    )
  )

  (module Resistor_SMD:R_0805_2012Metric (layer F.Cu) (tedit 5F4B7D72) (tstamp 5F4C0849)
    (at 119.329 117.349 180)
    (descr "Resistor SMD 0805 (2012 Metric), square (rectangular) end terminal, IPC_7351 nominal, (Body size source: https://docs.google.com/spreadsheets/d/1BsfQQcO9C6DZCsRaXUlFlo91Tg2WpOkGARC1WS5S8t0/edit?usp=sharing), generated with kicad-footprint-generator")
    (tags resistor)
    (path /5DF25F69)
    (attr smd)
    (fp_text reference R9 (at -2.591 -0.126) (layer F.SilkS)
      (effects (font (size 1 1) (thickness 0.15)))
    )
    (fp_text value 47 (at 0 1.65) (layer F.Fab) hide
      (effects (font (size 1 1) (thickness 0.15)))
    )
    (fp_line (start 1.68 0.95) (end -1.68 0.95) (layer F.CrtYd) (width 0.05))
    (fp_line (start 1.68 -0.95) (end 1.68 0.95) (layer F.CrtYd) (width 0.05))
    (fp_line (start -1.68 -0.95) (end 1.68 -0.95) (layer F.CrtYd) (width 0.05))
    (fp_line (start -1.68 0.95) (end -1.68 -0.95) (layer F.CrtYd) (width 0.05))
    (fp_line (start -0.258578 0.71) (end 0.258578 0.71) (layer F.SilkS) (width 0.12))
    (fp_line (start -0.258578 -0.71) (end 0.258578 -0.71) (layer F.SilkS) (width 0.12))
    (fp_line (start 1 0.6) (end -1 0.6) (layer F.Fab) (width 0.1))
    (fp_line (start 1 -0.6) (end 1 0.6) (layer F.Fab) (width 0.1))
    (fp_line (start -1 -0.6) (end 1 -0.6) (layer F.Fab) (width 0.1))
    (fp_line (start -1 0.6) (end -1 -0.6) (layer F.Fab) (width 0.1))
    (fp_text user %R (at 0 0) (layer F.Fab)
      (effects (font (size 0.5 0.5) (thickness 0.08)))
    )
    (pad 2 smd roundrect (at 0.9375 0 180) (size 1.2 1.4) (layers F.Cu F.Paste F.Mask) (roundrect_rratio 0.25)
      (net 21 /Data))
    (pad 1 smd roundrect (at -0.9375 0 180) (size 1.2 1.4) (layers F.Cu F.Paste F.Mask) (roundrect_rratio 0.25)
      (net 22 "Net-(R9-Pad1)"))
    (model ${KISYS3DMOD}/Resistor_SMD.3dshapes/R_0805_2012Metric.wrl
      (at (xyz 0 0 0))
      (scale (xyz 1 1 1))
      (rotate (xyz 0 0 0))
    )
  )

  (module w_smd_dil:so-16 (layer F.Cu) (tedit 0) (tstamp 5F4B7B49)
    (at 129.667 114.173 270)
    (descr SO-16)
    (path /5DF06007)
    (fp_text reference U3 (at -0.127 0.381 90) (layer F.SilkS)
      (effects (font (size 0.7493 0.7493) (thickness 0.14986)))
    )
    (fp_text value Si8641BB-B (at 0 -0.889 90) (layer F.SilkS)
      (effects (font (size 0.7493 0.7493) (thickness 0.14986)))
    )
    (fp_line (start -1.905 -1.9812) (end -1.905 -3.0734) (layer F.SilkS) (width 0.127))
    (fp_line (start -0.635 -1.9812) (end -0.635 -3.0734) (layer F.SilkS) (width 0.127))
    (fp_line (start 0.635 -1.9812) (end 0.635 -3.0734) (layer F.SilkS) (width 0.127))
    (fp_line (start -3.175 -1.9812) (end -3.175 -3.0734) (layer F.SilkS) (width 0.127))
    (fp_line (start -4.445 -3.0734) (end -4.445 -1.9812) (layer F.SilkS) (width 0.127))
    (fp_line (start 1.905 -3.0734) (end 1.905 -1.9812) (layer F.SilkS) (width 0.127))
    (fp_line (start 3.175 -3.0734) (end 3.175 -1.9812) (layer F.SilkS) (width 0.127))
    (fp_line (start 4.445 -3.0734) (end 4.445 -1.9812) (layer F.SilkS) (width 0.127))
    (fp_line (start 4.445 1.9812) (end 4.445 3.0734) (layer F.SilkS) (width 0.127))
    (fp_line (start 3.175 1.9812) (end 3.175 3.0734) (layer F.SilkS) (width 0.127))
    (fp_line (start 1.905 1.9812) (end 1.905 3.0734) (layer F.SilkS) (width 0.127))
    (fp_line (start -4.445 1.9812) (end -4.445 3.0734) (layer F.SilkS) (width 0.127))
    (fp_line (start -3.175 3.0734) (end -3.175 1.9812) (layer F.SilkS) (width 0.127))
    (fp_line (start 0.635 3.0734) (end 0.635 1.9812) (layer F.SilkS) (width 0.127))
    (fp_line (start -0.635 3.0734) (end -0.635 1.9812) (layer F.SilkS) (width 0.127))
    (fp_line (start -1.905 3.0734) (end -1.905 1.9812) (layer F.SilkS) (width 0.127))
    (fp_circle (center -4.064 1.2446) (end -4.3434 1.6256) (layer F.SilkS) (width 0.127))
    (fp_line (start -4.826 -1.9812) (end -4.826 1.9812) (layer F.SilkS) (width 0.127))
    (fp_line (start -4.826 1.9812) (end 4.826 1.9812) (layer F.SilkS) (width 0.127))
    (fp_line (start 4.826 1.9812) (end 4.826 -1.9812) (layer F.SilkS) (width 0.127))
    (fp_line (start 4.826 -1.9812) (end -4.826 -1.9812) (layer F.SilkS) (width 0.127))
    (pad 1 smd rect (at -4.445 2.794 270) (size 0.59944 1.99898) (layers F.Cu F.Paste F.Mask)
      (net 4 +5V))
    (pad 2 smd rect (at -3.175 2.794 270) (size 0.59944 1.99898) (layers F.Cu F.Paste F.Mask)
      (net 5 GND))
    (pad 3 smd rect (at -1.905 2.794 270) (size 0.59944 1.99898) (layers F.Cu F.Paste F.Mask)
      (net 16 "Net-(R6-Pad1)"))
    (pad 4 smd rect (at -0.635 2.794 270) (size 0.59944 1.99898) (layers F.Cu F.Paste F.Mask)
      (net 17 "Net-(R7-Pad1)"))
    (pad 5 smd rect (at 0.635 2.794 270) (size 0.59944 1.99898) (layers F.Cu F.Paste F.Mask)
      (net 19 "Net-(R8-Pad1)"))
    (pad 6 smd rect (at 1.905 2.794 270) (size 0.59944 1.99898) (layers F.Cu F.Paste F.Mask)
      (net 22 "Net-(R9-Pad1)"))
    (pad 7 smd rect (at 3.175 2.794 270) (size 0.59944 1.99898) (layers F.Cu F.Paste F.Mask)
      (net 4 +5V))
    (pad 8 smd rect (at 4.445 2.794 270) (size 0.59944 1.99898) (layers F.Cu F.Paste F.Mask)
      (net 5 GND))
    (pad 9 smd rect (at 4.445 -2.794 270) (size 0.59944 1.99898) (layers F.Cu F.Paste F.Mask)
      (net 1 GNDD))
    (pad 10 smd rect (at 3.175 -2.794 270) (size 0.59944 1.99898) (layers F.Cu F.Paste F.Mask)
      (net 3 +5VD))
    (pad 11 smd rect (at 1.905 -2.794 270) (size 0.59944 1.99898) (layers F.Cu F.Paste F.Mask)
      (net 6 "Net-(C5-Pad1)"))
    (pad 12 smd rect (at 0.635 -2.794 270) (size 0.59944 1.99898) (layers F.Cu F.Paste F.Mask)
      (net 25 "Net-(U2-Pad7)"))
    (pad 13 smd rect (at -0.635 -2.794 270) (size 0.59944 1.99898) (layers F.Cu F.Paste F.Mask)
      (net 24 "Net-(U2-Pad5)"))
    (pad 14 smd rect (at -1.905 -2.794 270) (size 0.59944 1.99898) (layers F.Cu F.Paste F.Mask)
      (net 23 "Net-(U2-Pad3)"))
    (pad 15 smd rect (at -3.175 -2.794 270) (size 0.59944 1.99898) (layers F.Cu F.Paste F.Mask)
      (net 1 GNDD))
    (pad 16 smd rect (at -4.445 -2.794 270) (size 0.59944 1.99898) (layers F.Cu F.Paste F.Mask)
      (net 3 +5VD))
    (model walter/smd_dil/so-16.wrl
      (at (xyz 0 0 0))
      (scale (xyz 1 1 1))
      (rotate (xyz 0 0 0))
    )
  )

  (module MountingHole:MountingHole_3.2mm_M3_DIN965 (layer F.Cu) (tedit 56D1B4CB) (tstamp 5F4BF7A7)
    (at 166 126)
    (descr "Mounting Hole 3.2mm, no annular, M3, DIN965")
    (tags "mounting hole 3.2mm no annular m3 din965")
    (attr virtual)
    (fp_text reference REF** (at 0 -3.8) (layer F.SilkS) hide
      (effects (font (size 1 1) (thickness 0.15)))
    )
    (fp_text value MountingHole_3.2mm_M3_DIN965 (at 0 3.8) (layer F.Fab) hide
      (effects (font (size 1 1) (thickness 0.15)))
    )
    (fp_circle (center 0 0) (end 3.05 0) (layer F.CrtYd) (width 0.05))
    (fp_circle (center 0 0) (end 2.8 0) (layer Cmts.User) (width 0.15))
    (fp_text user %R (at 0.3 0) (layer F.Fab) hide
      (effects (font (size 1 1) (thickness 0.15)))
    )
    (pad 1 np_thru_hole circle (at 0 0) (size 3.2 3.2) (drill 3.2) (layers *.Cu *.Mask))
  )

  (module MountingHole:MountingHole_3.2mm_M3_DIN965 (layer F.Cu) (tedit 56D1B4CB) (tstamp 5F4BF799)
    (at 166 84)
    (descr "Mounting Hole 3.2mm, no annular, M3, DIN965")
    (tags "mounting hole 3.2mm no annular m3 din965")
    (attr virtual)
    (fp_text reference REF** (at 0 -3.8) (layer F.SilkS) hide
      (effects (font (size 1 1) (thickness 0.15)))
    )
    (fp_text value MountingHole_3.2mm_M3_DIN965 (at 0 3.8) (layer F.Fab) hide
      (effects (font (size 1 1) (thickness 0.15)))
    )
    (fp_circle (center 0 0) (end 2.8 0) (layer Cmts.User) (width 0.15))
    (fp_circle (center 0 0) (end 3.05 0) (layer F.CrtYd) (width 0.05))
    (fp_text user %R (at 0.3 0) (layer F.Fab) hide
      (effects (font (size 1 1) (thickness 0.15)))
    )
    (pad 1 np_thru_hole circle (at 0 0) (size 3.2 3.2) (drill 3.2) (layers *.Cu *.Mask))
  )

  (module MountingHole:MountingHole_3.2mm_M3_DIN965 (layer F.Cu) (tedit 56D1B4CB) (tstamp 5F4BF712)
    (at 104 126)
    (descr "Mounting Hole 3.2mm, no annular, M3, DIN965")
    (tags "mounting hole 3.2mm no annular m3 din965")
    (attr virtual)
    (fp_text reference REF** (at 0 -3.8) (layer F.SilkS) hide
      (effects (font (size 1 1) (thickness 0.15)))
    )
    (fp_text value MountingHole_3.2mm_M3_DIN965 (at 0 3.8) (layer F.Fab) hide
      (effects (font (size 1 1) (thickness 0.15)))
    )
    (fp_circle (center 0 0) (end 2.8 0) (layer Cmts.User) (width 0.15))
    (fp_circle (center 0 0) (end 3.05 0) (layer F.CrtYd) (width 0.05))
    (fp_text user %R (at 0.3 0) (layer F.Fab) hide
      (effects (font (size 1 1) (thickness 0.15)))
    )
    (pad 1 np_thru_hole circle (at 0 0) (size 3.2 3.2) (drill 3.2) (layers *.Cu *.Mask))
  )

  (module MountingHole:MountingHole_3.2mm_M3_DIN965 (layer F.Cu) (tedit 56D1B4CB) (tstamp 5F4BF701)
    (at 104 84)
    (descr "Mounting Hole 3.2mm, no annular, M3, DIN965")
    (tags "mounting hole 3.2mm no annular m3 din965")
    (attr virtual)
    (fp_text reference REF** (at 0 -3.8) (layer F.SilkS) hide
      (effects (font (size 1 1) (thickness 0.15)))
    )
    (fp_text value MountingHole_3.2mm_M3_DIN965 (at 0 3.8) (layer F.Fab) hide
      (effects (font (size 1 1) (thickness 0.15)))
    )
    (fp_circle (center 0 0) (end 3.05 0) (layer F.CrtYd) (width 0.05))
    (fp_circle (center 0 0) (end 2.8 0) (layer Cmts.User) (width 0.15))
    (fp_text user %R (at 0.3 0) (layer F.Fab) hide
      (effects (font (size 1 1) (thickness 0.15)))
    )
    (pad 1 np_thru_hole circle (at 0 0) (size 3.2 3.2) (drill 3.2) (layers *.Cu *.Mask))
  )

  (module Connector_PinSocket_2.54mm:PinSocket_1x04_P2.54mm_Vertical (layer F.Cu) (tedit 5A19A429) (tstamp 5F4BF201)
    (at 120.015 98.171 180)
    (descr "Through hole straight socket strip, 1x04, 2.54mm pitch, single row (from Kicad 4.0.7), script generated")
    (tags "Through hole socket strip THT 1x04 2.54mm single row")
    (path /5F5915ED)
    (fp_text reference J4 (at 0.127 10.033) (layer F.SilkS)
      (effects (font (size 1 1) (thickness 0.15)))
    )
    (fp_text value Conn_01x04 (at 0 10.39) (layer F.Fab) hide
      (effects (font (size 1 1) (thickness 0.15)))
    )
    (fp_line (start -1.8 9.4) (end -1.8 -1.8) (layer F.CrtYd) (width 0.05))
    (fp_line (start 1.75 9.4) (end -1.8 9.4) (layer F.CrtYd) (width 0.05))
    (fp_line (start 1.75 -1.8) (end 1.75 9.4) (layer F.CrtYd) (width 0.05))
    (fp_line (start -1.8 -1.8) (end 1.75 -1.8) (layer F.CrtYd) (width 0.05))
    (fp_line (start 0 -1.33) (end 1.33 -1.33) (layer F.SilkS) (width 0.12))
    (fp_line (start 1.33 -1.33) (end 1.33 0) (layer F.SilkS) (width 0.12))
    (fp_line (start 1.33 1.27) (end 1.33 8.95) (layer F.SilkS) (width 0.12))
    (fp_line (start -1.33 8.95) (end 1.33 8.95) (layer F.SilkS) (width 0.12))
    (fp_line (start -1.33 1.27) (end -1.33 8.95) (layer F.SilkS) (width 0.12))
    (fp_line (start -1.33 1.27) (end 1.33 1.27) (layer F.SilkS) (width 0.12))
    (fp_line (start -1.27 8.89) (end -1.27 -1.27) (layer F.Fab) (width 0.1))
    (fp_line (start 1.27 8.89) (end -1.27 8.89) (layer F.Fab) (width 0.1))
    (fp_line (start 1.27 -0.635) (end 1.27 8.89) (layer F.Fab) (width 0.1))
    (fp_line (start 0.635 -1.27) (end 1.27 -0.635) (layer F.Fab) (width 0.1))
    (fp_line (start -1.27 -1.27) (end 0.635 -1.27) (layer F.Fab) (width 0.1))
    (fp_text user %R (at 0 3.81 90) (layer F.Fab)
      (effects (font (size 1 1) (thickness 0.15)))
    )
    (pad 4 thru_hole oval (at 0 7.62 180) (size 1.7 1.7) (drill 1) (layers *.Cu *.Mask)
      (net 3 +5VD))
    (pad 3 thru_hole oval (at 0 5.08 180) (size 1.7 1.7) (drill 1) (layers *.Cu *.Mask)
      (net 1 GNDD))
    (pad 2 thru_hole oval (at 0 2.54 180) (size 1.7 1.7) (drill 1) (layers *.Cu *.Mask)
      (net 29 /Input))
    (pad 1 thru_hole rect (at 0 0 180) (size 1.7 1.7) (drill 1) (layers *.Cu *.Mask)
      (net 30 "Net-(J4-Pad1)"))
    (model ${KISYS3DMOD}/Connector_PinSocket_2.54mm.3dshapes/PinSocket_1x04_P2.54mm_Vertical.wrl
      (at (xyz 0 0 0))
      (scale (xyz 1 1 1))
      (rotate (xyz 0 0 0))
    )
  )

  (module Capacitor_SMD:C_0805_2012Metric (layer F.Cu) (tedit 5F4B7DAA) (tstamp 5E1D2775)
    (at 135.128 91.5185 270)
    (descr "Capacitor SMD 0805 (2012 Metric), square (rectangular) end terminal, IPC_7351 nominal, (Body size source: https://docs.google.com/spreadsheets/d/1BsfQQcO9C6DZCsRaXUlFlo91Tg2WpOkGARC1WS5S8t0/edit?usp=sharing), generated with kicad-footprint-generator")
    (tags capacitor)
    (path /5E2E15F1)
    (attr smd)
    (fp_text reference C1 (at -0.0785 -1.778 90) (layer F.SilkS)
      (effects (font (size 1 1) (thickness 0.15)))
    )
    (fp_text value 100nF (at 0 1.65 90) (layer F.Fab) hide
      (effects (font (size 1 1) (thickness 0.15)))
    )
    (fp_line (start 1.68 0.95) (end -1.68 0.95) (layer F.CrtYd) (width 0.05))
    (fp_line (start 1.68 -0.95) (end 1.68 0.95) (layer F.CrtYd) (width 0.05))
    (fp_line (start -1.68 -0.95) (end 1.68 -0.95) (layer F.CrtYd) (width 0.05))
    (fp_line (start -1.68 0.95) (end -1.68 -0.95) (layer F.CrtYd) (width 0.05))
    (fp_line (start -0.258578 0.71) (end 0.258578 0.71) (layer F.SilkS) (width 0.12))
    (fp_line (start -0.258578 -0.71) (end 0.258578 -0.71) (layer F.SilkS) (width 0.12))
    (fp_line (start 1 0.6) (end -1 0.6) (layer F.Fab) (width 0.1))
    (fp_line (start 1 -0.6) (end 1 0.6) (layer F.Fab) (width 0.1))
    (fp_line (start -1 -0.6) (end 1 -0.6) (layer F.Fab) (width 0.1))
    (fp_line (start -1 0.6) (end -1 -0.6) (layer F.Fab) (width 0.1))
    (fp_text user %R (at 0 0 90) (layer F.Fab)
      (effects (font (size 0.5 0.5) (thickness 0.08)))
    )
    (pad 2 smd roundrect (at 0.9375 0 270) (size 1.2 1.4) (layers F.Cu F.Paste F.Mask) (roundrect_rratio 0.25)
      (net 1 GNDD))
    (pad 1 smd roundrect (at -0.9375 0 270) (size 1.2 1.4) (layers F.Cu F.Paste F.Mask) (roundrect_rratio 0.25)
      (net 29 /Input))
    (model ${KISYS3DMOD}/Capacitor_SMD.3dshapes/C_0805_2012Metric.wrl
      (at (xyz 0 0 0))
      (scale (xyz 1 1 1))
      (rotate (xyz 0 0 0))
    )
  )

  (module Capacitor_SMD:C_0805_2012Metric (layer F.Cu) (tedit 5F4B7D9D) (tstamp 5E1CDEA3)
    (at 125.476 91.44 270)
    (descr "Capacitor SMD 0805 (2012 Metric), square (rectangular) end terminal, IPC_7351 nominal, (Body size source: https://docs.google.com/spreadsheets/d/1BsfQQcO9C6DZCsRaXUlFlo91Tg2WpOkGARC1WS5S8t0/edit?usp=sharing), generated with kicad-footprint-generator")
    (tags capacitor)
    (path /5E2E1C46)
    (attr smd)
    (fp_text reference C2 (at -0.05 1.8 90) (layer F.SilkS)
      (effects (font (size 1 1) (thickness 0.15)))
    )
    (fp_text value 100nF (at 0 1.65 90) (layer F.Fab) hide
      (effects (font (size 1 1) (thickness 0.15)))
    )
    (fp_line (start -1 0.6) (end -1 -0.6) (layer F.Fab) (width 0.1))
    (fp_line (start -1 -0.6) (end 1 -0.6) (layer F.Fab) (width 0.1))
    (fp_line (start 1 -0.6) (end 1 0.6) (layer F.Fab) (width 0.1))
    (fp_line (start 1 0.6) (end -1 0.6) (layer F.Fab) (width 0.1))
    (fp_line (start -0.258578 -0.71) (end 0.258578 -0.71) (layer F.SilkS) (width 0.12))
    (fp_line (start -0.258578 0.71) (end 0.258578 0.71) (layer F.SilkS) (width 0.12))
    (fp_line (start -1.68 0.95) (end -1.68 -0.95) (layer F.CrtYd) (width 0.05))
    (fp_line (start -1.68 -0.95) (end 1.68 -0.95) (layer F.CrtYd) (width 0.05))
    (fp_line (start 1.68 -0.95) (end 1.68 0.95) (layer F.CrtYd) (width 0.05))
    (fp_line (start 1.68 0.95) (end -1.68 0.95) (layer F.CrtYd) (width 0.05))
    (fp_text user %R (at 0 0 90) (layer F.Fab)
      (effects (font (size 0.5 0.5) (thickness 0.08)))
    )
    (pad 1 smd roundrect (at -0.9375 0 270) (size 1.2 1.4) (layers F.Cu F.Paste F.Mask) (roundrect_rratio 0.25)
      (net 3 +5VD))
    (pad 2 smd roundrect (at 0.9375 0 270) (size 1.2 1.4) (layers F.Cu F.Paste F.Mask) (roundrect_rratio 0.25)
      (net 1 GNDD))
    (model ${KISYS3DMOD}/Capacitor_SMD.3dshapes/C_0805_2012Metric.wrl
      (at (xyz 0 0 0))
      (scale (xyz 1 1 1))
      (rotate (xyz 0 0 0))
    )
  )

  (module Capacitor_SMD:C_0805_2012Metric (layer F.Cu) (tedit 5F4B78B9) (tstamp 5F4B7B01)
    (at 139.446 107.061 90)
    (descr "Capacitor SMD 0805 (2012 Metric), square (rectangular) end terminal, IPC_7351 nominal, (Body size source: https://docs.google.com/spreadsheets/d/1BsfQQcO9C6DZCsRaXUlFlo91Tg2WpOkGARC1WS5S8t0/edit?usp=sharing), generated with kicad-footprint-generator")
    (tags capacitor)
    (path /5E1C9549)
    (attr smd)
    (fp_text reference C4 (at 0 -1.65 90) (layer F.SilkS)
      (effects (font (size 1 1) (thickness 0.15)))
    )
    (fp_text value 100nF (at 0 1.65 90) (layer F.Fab) hide
      (effects (font (size 1 1) (thickness 0.15)))
    )
    (fp_line (start -1 0.6) (end -1 -0.6) (layer F.Fab) (width 0.1))
    (fp_line (start -1 -0.6) (end 1 -0.6) (layer F.Fab) (width 0.1))
    (fp_line (start 1 -0.6) (end 1 0.6) (layer F.Fab) (width 0.1))
    (fp_line (start 1 0.6) (end -1 0.6) (layer F.Fab) (width 0.1))
    (fp_line (start -0.258578 -0.71) (end 0.258578 -0.71) (layer F.SilkS) (width 0.12))
    (fp_line (start -0.258578 0.71) (end 0.258578 0.71) (layer F.SilkS) (width 0.12))
    (fp_line (start -1.68 0.95) (end -1.68 -0.95) (layer F.CrtYd) (width 0.05))
    (fp_line (start -1.68 -0.95) (end 1.68 -0.95) (layer F.CrtYd) (width 0.05))
    (fp_line (start 1.68 -0.95) (end 1.68 0.95) (layer F.CrtYd) (width 0.05))
    (fp_line (start 1.68 0.95) (end -1.68 0.95) (layer F.CrtYd) (width 0.05))
    (fp_text user %R (at 0 0 90) (layer F.Fab)
      (effects (font (size 0.5 0.5) (thickness 0.08)))
    )
    (pad 1 smd roundrect (at -0.9375 0 90) (size 1.2 1.4) (layers F.Cu F.Paste F.Mask) (roundrect_rratio 0.25)
      (net 3 +5VD))
    (pad 2 smd roundrect (at 0.9375 0 90) (size 1.2 1.4) (layers F.Cu F.Paste F.Mask) (roundrect_rratio 0.25)
      (net 1 GNDD))
    (model ${KISYS3DMOD}/Capacitor_SMD.3dshapes/C_0805_2012Metric.wrl
      (at (xyz 0 0 0))
      (scale (xyz 1 1 1))
      (rotate (xyz 0 0 0))
    )
  )

  (module Capacitor_SMD:C_0805_2012Metric (layer F.Cu) (tedit 5F4B77D6) (tstamp 5F4B7AD1)
    (at 126.873 107.061 90)
    (descr "Capacitor SMD 0805 (2012 Metric), square (rectangular) end terminal, IPC_7351 nominal, (Body size source: https://docs.google.com/spreadsheets/d/1BsfQQcO9C6DZCsRaXUlFlo91Tg2WpOkGARC1WS5S8t0/edit?usp=sharing), generated with kicad-footprint-generator")
    (tags capacitor)
    (path /5DF386D6)
    (attr smd)
    (fp_text reference C7 (at 0 -1.65 90) (layer F.SilkS)
      (effects (font (size 1 1) (thickness 0.15)))
    )
    (fp_text value 100nF (at 0 1.65 90) (layer F.Fab) hide
      (effects (font (size 1 1) (thickness 0.15)))
    )
    (fp_line (start -1 0.6) (end -1 -0.6) (layer F.Fab) (width 0.1))
    (fp_line (start -1 -0.6) (end 1 -0.6) (layer F.Fab) (width 0.1))
    (fp_line (start 1 -0.6) (end 1 0.6) (layer F.Fab) (width 0.1))
    (fp_line (start 1 0.6) (end -1 0.6) (layer F.Fab) (width 0.1))
    (fp_line (start -0.258578 -0.71) (end 0.258578 -0.71) (layer F.SilkS) (width 0.12))
    (fp_line (start -0.258578 0.71) (end 0.258578 0.71) (layer F.SilkS) (width 0.12))
    (fp_line (start -1.68 0.95) (end -1.68 -0.95) (layer F.CrtYd) (width 0.05))
    (fp_line (start -1.68 -0.95) (end 1.68 -0.95) (layer F.CrtYd) (width 0.05))
    (fp_line (start 1.68 -0.95) (end 1.68 0.95) (layer F.CrtYd) (width 0.05))
    (fp_line (start 1.68 0.95) (end -1.68 0.95) (layer F.CrtYd) (width 0.05))
    (fp_text user %R (at 0 0 90) (layer F.Fab)
      (effects (font (size 0.5 0.5) (thickness 0.08)))
    )
    (pad 1 smd roundrect (at -0.9375 0 90) (size 1.2 1.4) (layers F.Cu F.Paste F.Mask) (roundrect_rratio 0.25)
      (net 4 +5V))
    (pad 2 smd roundrect (at 0.9375 0 90) (size 1.2 1.4) (layers F.Cu F.Paste F.Mask) (roundrect_rratio 0.25)
      (net 5 GND))
    (model ${KISYS3DMOD}/Capacitor_SMD.3dshapes/C_0805_2012Metric.wrl
      (at (xyz 0 0 0))
      (scale (xyz 1 1 1))
      (rotate (xyz 0 0 0))
    )
  )

  (module Capacitor_SMD:C_0805_2012Metric (layer F.Cu) (tedit 5F4B7914) (tstamp 5F4B7BDC)
    (at 135.382 120.904)
    (descr "Capacitor SMD 0805 (2012 Metric), square (rectangular) end terminal, IPC_7351 nominal, (Body size source: https://docs.google.com/spreadsheets/d/1BsfQQcO9C6DZCsRaXUlFlo91Tg2WpOkGARC1WS5S8t0/edit?usp=sharing), generated with kicad-footprint-generator")
    (tags capacitor)
    (path /5DF42D5F)
    (attr smd)
    (fp_text reference C5 (at 0 1.6) (layer F.SilkS)
      (effects (font (size 1 1) (thickness 0.15)))
    )
    (fp_text value 1nF (at 0 1.65) (layer F.Fab)
      (effects (font (size 1 1) (thickness 0.15)))
    )
    (fp_line (start 1.68 0.95) (end -1.68 0.95) (layer F.CrtYd) (width 0.05))
    (fp_line (start 1.68 -0.95) (end 1.68 0.95) (layer F.CrtYd) (width 0.05))
    (fp_line (start -1.68 -0.95) (end 1.68 -0.95) (layer F.CrtYd) (width 0.05))
    (fp_line (start -1.68 0.95) (end -1.68 -0.95) (layer F.CrtYd) (width 0.05))
    (fp_line (start -0.258578 0.71) (end 0.258578 0.71) (layer F.SilkS) (width 0.12))
    (fp_line (start -0.258578 -0.71) (end 0.258578 -0.71) (layer F.SilkS) (width 0.12))
    (fp_line (start 1 0.6) (end -1 0.6) (layer F.Fab) (width 0.1))
    (fp_line (start 1 -0.6) (end 1 0.6) (layer F.Fab) (width 0.1))
    (fp_line (start -1 -0.6) (end 1 -0.6) (layer F.Fab) (width 0.1))
    (fp_line (start -1 0.6) (end -1 -0.6) (layer F.Fab) (width 0.1))
    (fp_text user %R (at 0 0) (layer F.Fab)
      (effects (font (size 0.5 0.5) (thickness 0.08)))
    )
    (pad 2 smd roundrect (at 0.9375 0) (size 1.2 1.4) (layers F.Cu F.Paste F.Mask) (roundrect_rratio 0.25)
      (net 1 GNDD))
    (pad 1 smd roundrect (at -0.9375 0) (size 1.2 1.4) (layers F.Cu F.Paste F.Mask) (roundrect_rratio 0.25)
      (net 6 "Net-(C5-Pad1)"))
    (model ${KISYS3DMOD}/Capacitor_SMD.3dshapes/C_0805_2012Metric.wrl
      (at (xyz 0 0 0))
      (scale (xyz 1 1 1))
      (rotate (xyz 0 0 0))
    )
  )

  (module w_conn_pc:megb8-8-Uni (layer F.Cu) (tedit 5B645585) (tstamp 5F4B7C13)
    (at 164.962 113.149 90)
    (descr "RJ45 + led indicators, Wiznet P/N RB1-125BAG1A")
    (path /5DEC1D69)
    (fp_text reference Input_S88 (at -11.819 -6.974) (layer F.SilkS)
      (effects (font (size 1.524 1.524) (thickness 0.3048)))
    )
    (fp_text value RJ45 (at 0 -2.402 90) (layer F.SilkS)
      (effects (font (size 1.524 1.524) (thickness 0.3048)))
    )
    (fp_line (start -8.382 -10.922) (end -8.382 3.302) (layer F.SilkS) (width 0.381))
    (fp_line (start -8.382 3.302) (end -6.096 3.302) (layer F.SilkS) (width 0.381))
    (fp_line (start 8.382 -10.922) (end 8.382 3.302) (layer F.SilkS) (width 0.381))
    (fp_line (start 8.382 3.302) (end 6.096 3.302) (layer F.SilkS) (width 0.381))
    (fp_line (start -8.255 -10.895) (end 8.255 -10.895) (layer F.SilkS) (width 0.381))
    (fp_line (start -6.096 3.329) (end 6.096 3.329) (layer F.SilkS) (width 0.381))
    (pad 9 thru_hole circle (at -7.75 3.05 90) (size 2.5 2.5) (drill 1.6) (layers *.Cu *.Mask))
    (pad 9 thru_hole circle (at 7.75 3.05 90) (size 2.5 2.5) (drill 1.6) (layers *.Cu *.Mask))
    (pad 3 thru_hole circle (at -1.905 -6.34 90) (size 1.4 1.4) (drill 0.9) (layers *.Cu *.Mask)
      (net 1 GNDD))
    (pad 1 thru_hole circle (at -4.445 -6.34 90) (size 1.4 1.4) (drill 0.9) (layers *.Cu *.Mask)
      (net 2 VDD))
    (pad 2 thru_hole circle (at -3.175 -8.88 90) (size 1.4 1.4) (drill 0.9) (layers *.Cu *.Mask)
      (net 7 /Data'))
    (pad 4 thru_hole circle (at -0.635 -8.88 90) (size 1.4 1.4) (drill 0.9) (layers *.Cu *.Mask)
      (net 8 /Clock'))
    (pad 5 thru_hole circle (at 0.635 -6.34 90) (size 1.4 1.4) (drill 0.9) (layers *.Cu *.Mask)
      (net 1 GNDD))
    (pad 6 thru_hole circle (at 1.905 -8.88 90) (size 1.4 1.4) (drill 0.9) (layers *.Cu *.Mask)
      (net 9 /PSLoad'))
    (pad 7 thru_hole circle (at 3.175 -6.34 90) (size 1.4 1.4) (drill 0.9) (layers *.Cu *.Mask)
      (net 10 /Reset'))
    (pad 8 thru_hole circle (at 4.445 -8.88 90) (size 1.4 1.4) (drill 0.9) (layers *.Cu *.Mask)
      (net 31 "Net-(Input_S88-Pad8)"))
    (pad 9 thru_hole circle (at -7.75 -3.05 90) (size 2.5 2.5) (drill 1.6) (layers *.Cu *.Mask))
    (pad 9 thru_hole circle (at 7.75 -3.05 90) (size 2.5 2.5) (drill 1.6) (layers *.Cu *.Mask))
    (pad "" np_thru_hole circle (at -5.715 0 90) (size 3.25 3.25) (drill 3.25) (layers *.Cu))
    (pad "" np_thru_hole circle (at 5.715 0 90) (size 3.25 3.25) (drill 3.25) (layers *.Cu))
    (model walter/conn_pc/rj45-led-rb1-125bag1a.wrl
      (at (xyz 0 0 0))
      (scale (xyz 1 1 1))
      (rotate (xyz 0 0 0))
    )
  )

  (module w_conn_misc:dc_socket (layer F.Cu) (tedit 0) (tstamp 5E1CDEFA)
    (at 144.272 85 180)
    (descr "Socket, DC power supply")
    (path /5E2383BD)
    (fp_text reference J1 (at 6.223 3.085) (layer F.SilkS)
      (effects (font (size 1.524 1.524) (thickness 0.3048)))
    )
    (fp_text value Barrel_Jack_Switch_MountingPin (at 0 -8.60044) (layer F.SilkS) hide
      (effects (font (size 1.524 1.524) (thickness 0.3048)))
    )
    (fp_line (start -4.50088 2.79908) (end 4.50088 2.79908) (layer F.SilkS) (width 0.381))
    (fp_line (start -4.50088 7.29996) (end 4.50088 7.29996) (layer F.SilkS) (width 0.381))
    (fp_line (start 4.50088 7.29996) (end 4.50088 -7.29996) (layer F.SilkS) (width 0.381))
    (fp_line (start 4.50088 -7.29996) (end -4.50088 -7.29996) (layer F.SilkS) (width 0.381))
    (fp_line (start -4.50088 -7.29996) (end -4.50088 7.29996) (layer F.SilkS) (width 0.381))
    (pad 1 thru_hole oval (at 5.30098 -3.50012 180) (size 1.99898 4.0005) (drill oval 1.00076 2.99974) (layers *.Cu *.Mask F.SilkS)
      (net 1 GNDD))
    (pad 2 thru_hole oval (at 0 -0.24892 180) (size 4.0005 1.99898) (drill oval 2.99974 1.00076) (layers *.Cu *.Mask F.SilkS)
      (net 1 GNDD))
    (pad 3 thru_hole oval (at 0 -6.25094 180) (size 4.50088 1.99898) (drill oval 3.50012 1.00076) (layers *.Cu *.Mask F.SilkS)
      (net 29 /Input))
    (model walter/conn_misc/dc_socket.wrl
      (at (xyz 0 0 0))
      (scale (xyz 1 1 1))
      (rotate (xyz 0 0 0))
    )
  )

  (module Resistor_SMD:R_0805_2012Metric (layer F.Cu) (tedit 5F4B76FE) (tstamp 5F4B7909)
    (at 151.511 109.855 180)
    (descr "Resistor SMD 0805 (2012 Metric), square (rectangular) end terminal, IPC_7351 nominal, (Body size source: https://docs.google.com/spreadsheets/d/1BsfQQcO9C6DZCsRaXUlFlo91Tg2WpOkGARC1WS5S8t0/edit?usp=sharing), generated with kicad-footprint-generator")
    (tags resistor)
    (path /5E2B24D2)
    (attr smd)
    (fp_text reference R1 (at 2.667 -0.079) (layer F.SilkS)
      (effects (font (size 1 1) (thickness 0.15)))
    )
    (fp_text value 47 (at 0 1.65) (layer F.Fab) hide
      (effects (font (size 1 1) (thickness 0.15)))
    )
    (fp_line (start -1 0.6) (end -1 -0.6) (layer F.Fab) (width 0.1))
    (fp_line (start -1 -0.6) (end 1 -0.6) (layer F.Fab) (width 0.1))
    (fp_line (start 1 -0.6) (end 1 0.6) (layer F.Fab) (width 0.1))
    (fp_line (start 1 0.6) (end -1 0.6) (layer F.Fab) (width 0.1))
    (fp_line (start -0.258578 -0.71) (end 0.258578 -0.71) (layer F.SilkS) (width 0.12))
    (fp_line (start -0.258578 0.71) (end 0.258578 0.71) (layer F.SilkS) (width 0.12))
    (fp_line (start -1.68 0.95) (end -1.68 -0.95) (layer F.CrtYd) (width 0.05))
    (fp_line (start -1.68 -0.95) (end 1.68 -0.95) (layer F.CrtYd) (width 0.05))
    (fp_line (start 1.68 -0.95) (end 1.68 0.95) (layer F.CrtYd) (width 0.05))
    (fp_line (start 1.68 0.95) (end -1.68 0.95) (layer F.CrtYd) (width 0.05))
    (fp_text user %R (at 0 0) (layer F.Fab)
      (effects (font (size 0.5 0.5) (thickness 0.08)))
    )
    (pad 1 smd roundrect (at -0.9375 0 180) (size 1.2 1.4) (layers F.Cu F.Paste F.Mask) (roundrect_rratio 0.25)
      (net 8 /Clock'))
    (pad 2 smd roundrect (at 0.9375 0 180) (size 1.2 1.4) (layers F.Cu F.Paste F.Mask) (roundrect_rratio 0.25)
      (net 11 "Net-(R1-Pad2)"))
    (model ${KISYS3DMOD}/Resistor_SMD.3dshapes/R_0805_2012Metric.wrl
      (at (xyz 0 0 0))
      (scale (xyz 1 1 1))
      (rotate (xyz 0 0 0))
    )
  )

  (module Resistor_SMD:R_0805_2012Metric (layer F.Cu) (tedit 5F4B7711) (tstamp 5F4B7939)
    (at 151.511 113.157 180)
    (descr "Resistor SMD 0805 (2012 Metric), square (rectangular) end terminal, IPC_7351 nominal, (Body size source: https://docs.google.com/spreadsheets/d/1BsfQQcO9C6DZCsRaXUlFlo91Tg2WpOkGARC1WS5S8t0/edit?usp=sharing), generated with kicad-footprint-generator")
    (tags resistor)
    (path /5E2B2E17)
    (attr smd)
    (fp_text reference R2 (at 2.667 0) (layer F.SilkS)
      (effects (font (size 1 1) (thickness 0.15)))
    )
    (fp_text value 47 (at 0 1.65) (layer F.Fab) hide
      (effects (font (size 1 1) (thickness 0.15)))
    )
    (fp_line (start 1.68 0.95) (end -1.68 0.95) (layer F.CrtYd) (width 0.05))
    (fp_line (start 1.68 -0.95) (end 1.68 0.95) (layer F.CrtYd) (width 0.05))
    (fp_line (start -1.68 -0.95) (end 1.68 -0.95) (layer F.CrtYd) (width 0.05))
    (fp_line (start -1.68 0.95) (end -1.68 -0.95) (layer F.CrtYd) (width 0.05))
    (fp_line (start -0.258578 0.71) (end 0.258578 0.71) (layer F.SilkS) (width 0.12))
    (fp_line (start -0.258578 -0.71) (end 0.258578 -0.71) (layer F.SilkS) (width 0.12))
    (fp_line (start 1 0.6) (end -1 0.6) (layer F.Fab) (width 0.1))
    (fp_line (start 1 -0.6) (end 1 0.6) (layer F.Fab) (width 0.1))
    (fp_line (start -1 -0.6) (end 1 -0.6) (layer F.Fab) (width 0.1))
    (fp_line (start -1 0.6) (end -1 -0.6) (layer F.Fab) (width 0.1))
    (fp_text user %R (at 0 0) (layer F.Fab)
      (effects (font (size 0.5 0.5) (thickness 0.08)))
    )
    (pad 2 smd roundrect (at 0.9375 0 180) (size 1.2 1.4) (layers F.Cu F.Paste F.Mask) (roundrect_rratio 0.25)
      (net 12 "Net-(R2-Pad2)"))
    (pad 1 smd roundrect (at -0.9375 0 180) (size 1.2 1.4) (layers F.Cu F.Paste F.Mask) (roundrect_rratio 0.25)
      (net 9 /PSLoad'))
    (model ${KISYS3DMOD}/Resistor_SMD.3dshapes/R_0805_2012Metric.wrl
      (at (xyz 0 0 0))
      (scale (xyz 1 1 1))
      (rotate (xyz 0 0 0))
    )
  )

  (module Resistor_SMD:R_0805_2012Metric (layer F.Cu) (tedit 5F4B7720) (tstamp 5F4B7849)
    (at 151.511 116.526 180)
    (descr "Resistor SMD 0805 (2012 Metric), square (rectangular) end terminal, IPC_7351 nominal, (Body size source: https://docs.google.com/spreadsheets/d/1BsfQQcO9C6DZCsRaXUlFlo91Tg2WpOkGARC1WS5S8t0/edit?usp=sharing), generated with kicad-footprint-generator")
    (tags resistor)
    (path /5E2B30FC)
    (attr smd)
    (fp_text reference R3 (at 2.667 -0.06) (layer F.SilkS)
      (effects (font (size 1 1) (thickness 0.15)))
    )
    (fp_text value 47 (at 0 1.65) (layer F.Fab) hide
      (effects (font (size 1 1) (thickness 0.15)))
    )
    (fp_line (start -1 0.6) (end -1 -0.6) (layer F.Fab) (width 0.1))
    (fp_line (start -1 -0.6) (end 1 -0.6) (layer F.Fab) (width 0.1))
    (fp_line (start 1 -0.6) (end 1 0.6) (layer F.Fab) (width 0.1))
    (fp_line (start 1 0.6) (end -1 0.6) (layer F.Fab) (width 0.1))
